1 0 1 0 0 1 1 0 0 0 1 0 2 0 0 0
3 8 7 7 4 17 8 10 6 18 19 13 0 20 16 13
2323 2070 1532 1305 1533 1582 1271 1454 1932 2196 2168 1694 1945 1882 2004 1362
2 4 4 4 1 4 1 1 0 5 1 1 2 3 0 2
3 31 8 2 3 40 9 3 4 45 4 6 1 49 3 2
672 743 728 754 598 655 731 609 728 821 809 801 713 824 764 769
459 467 576 563 438 448 464 498 451 634 638 626 483 532 653 668
1184 891 982 1026 976 743 891 803 1131 1288 1241 1182 1206 1107 1141 1142
551 550 513 651 535 524 555 508 360 492 444 538 353 440 398 523
245 297 321 177 214 262 259 303 169 210 187 209 159 302 221 162
0 1 3 1 0 1 1 1 0 1 1 0 0 2 1 0
36 33 45 54 47 33 42 46 79 48 73 62 68 57 68 52
258 397 298 366 267 318 388 326 123 184 192 178 80 195 128 131
110 50 118 91 103 56 51 92 141 118 111 93 123 95 120 103
19 8 19 11 21 14 27 21 35 16 26 26 34 28 22 22
316 567 389 409 293 434 451 408 192 340 273 273 202 382 262 296
24 19 31 23 22 20 19 23 17 23 34 38 26 34 36 20
95 90 77 77 66 103 102 77 55 74 75 72 72 105 83 98
9 6 8 16 5 4 2 18 4 9 10 24 20 10 11 16
386 388 453 557 382 412 398 403 503 716 623 611 507 570 588 582
149 74 151 135 111 74 72 116 130 109 128 120 146 87 140 91
0 0 1 0 0 0 0 0 2 0 2 1 1 0 0 1
57 42 34 31 36 42 28 48 38 53 32 31 46 90 36 28
189 151 150 213 178 133 166 155 198 179 180 220 216 147 177 226
3 8 10 10 4 8 0 4 4 12 5 12 0 14 7 8
988 769 870 998 879 690 782 759 985 1052 1155 1118 1029 884 1061 1016
93 114 65 130 85 86 71 76 108 112 141 115 102 118 116 142
33 4 8 22 46 0 21 21 18 2 12 6 13 6 2 14
11 11 11 10 12 6 11 10 8 7 6 3 8 5 5 6
18 5 7 12 12 6 10 8 2 2 4 3 1 0 3 5
3 0 1 0 5 0 0 1 1 0 0 2 0 0 1 1
94 168 109 123 80 121 93 87 100 148 115 125 91 158 113 155
4 0 3 2 3 1 1 1 0 0 0 0 0 1 1 0
0 0 0 0 0 0 0 0 0 1 0 0 0 0 0 0
41 2 12 27 44 2 25 16 16 2 14 12 13 0 8 17
0 0 0 2 0 0 0 1 0 0 2 0 0 0 1 0
1 4 3 4 2 1 3 1 0 2 2 0 1 2 2 0
232 150 194 282 254 167 155 211 265 228 277 294 313 250 322 228
800 1232 1029 1053 781 1141 1176 916 627 1119 956 843 536 969 767 797
1758 2014 2057 2521 2050 2205 2454 2001 173 201 166 186 170 258 138 213
263 295 241 367 262 275 293 232 247 306 285 267 272 280 285 293
110 62 55 79 90 45 106 77 60 51 60 63 32 34 39 59
18 12 7 10 8 19 4 11 25 32 22 21 23 63 22 37
0 0 0 0 0 0 1 0 0 0 0 0 0 0 0 0
1010 1330 1056 1417 985 1237 1306 1212 196 415 269 335 212 462 222 355
82 31 41 45 60 44 51 38 77 68 68 55 86 50 74 74
283 305 225 268 221 274 238 247 354 464 363 347 311 478 379 336
613 650 625 736 680 687 714 627 311 473 412 473 341 452 388 467
904 633 749 635 720 508 567 544 921 843 882 784 1046 830 966 602
187 121 185 141 176 119 144 175 160 150 159 174 171 163 143 130
1274 1186 1227 1157 1111 996 1169 1086 944 1124 1081 1074 1045 1033 1041 1095
526 447 546 545 476 397 434 422 503 544 543 562 540 531 535 613
307 317 338 345 275 264 310 320 270 342 344 338 306 362 330 355
121 172 169 207 110 193 139 127 193 333 246 229 176 278 266 233
170 96 207 206 158 141 91 181 292 320 330 291 313 256 419 279
9 18 14 10 11 15 9 11 23 12 7 10 15 11 7 12
3 3 5 4 4 1 3 2 3 3 3 2 3 1 0 0
2 5 10 4 3 4 0 3 2 6 5 3 5 3 9 2
39 32 36 55 29 26 37 34 36 50 40 47 28 89 55 54
8 3 4 4 3 7 4 4 3 3 2 3 3 1 3 1
4 2 0 2 0 3 2 3 1 5 2 1 0 4 2 0
2 1 0 0 0 0 1 1 1 1 0 1 0 0 0 0
0 0 1 0 0 0 0 1 0 0 0 0 0 0 0 0
12 1 10 11 22 0 13 9 4 0 2 4 6 0 2 5
0 0 0 0 0 0 1 0 0 0 0 0 0 0 0 0
10 32 22 37 7 33 22 24 10 28 26 26 4 33 27 22
352 220 331 185 302 224 321 407 207 157 155 195 151 229 128 114
0 1 0 1 1 0 0 1 0 0 1 0 0 0 1 0
0 0 2 1 0 1 0 0 0 3 0 0 2 1 3 2
0 0 0 2 0 1 0 0 0 1 0 0 1 0 0 0
112 102 61 110 105 91 120 84 84 111 92 111 88 126 74 102
21 20 22 31 25 20 35 35 33 26 37 18 30 18 45 39
2 0 0 0 0 0 0 0 0 2 0 0 0 1 0 0
1 0 2 1 2 2 1 1 2 2 0 4 1 1 2 2
1008 1142 1129 1296 941 1034 1167 1108 806 936 991 959 816 856 848 944
0 1 0 0 0 1 0 1 1 1 0 0 1 1 0 1
1 1 0 1 0 1 1 1 0 1 1 0 0 1 0 1
1 2 0 0 0 1 2 0 0 0 0 0 0 0 0 0
0 0 1 0 0 0 0 0 0 2 0 2 0 2 1 0
0 0 3 1 1 2 0 0 0 0 0 1 1 1 0 0
0 0 1 1 0 0 1 1 1 0 1 1 0 0 0 0
7 4 2 5 3 2 3 2 4 5 9 3 3 4 2 3
0 1 0 0 0 0 0 0 0 0 0 0 0 0 0 0
219 242 217 210 229 230 242 237 83 119 118 117 97 130 102 125
0 0 0 0 0 0 0 0 0 0 0 0 1 0 0 0
0 2 0 1 1 0 0 2 0 2 2 0 0 1 0 1
565 361 581 319 531 400 402 626 321 278 323 337 362 386 357 253
1 1 2 1 1 1 1 1 3 0 1 2 6 1 3 3
2 1 1 1 1 1 1 0 0 1 2 1 2 3 1 1
0 3 1 1 0 2 2 0 0 2 2 1 0 1 1 0
40 64 43 99 36 59 43 51 59 115 102 105 70 118 101 113
0 0 0 0 0 0 0 1 0 0 0 0 0 0 0 0
242 195 218 221 230 208 198 198 215 245 247 263 259 241 243 244
1 0 0 0 0 0 0 0 0 0 0 0 0 0 0 0
1 0 0 0 1 0 0 0 1 5 1 0 0 1 0 0
23 0 16 12 16 0 15 17 9 0 5 11 14 0 8 11